European*Farmer*(6300–2800*BC):European*Farmer:TUR_Marmara_Barcin_N,0.1181049,0.1812478,0.0024244,-0.100484,0.0518483,-0.0468005,-0.0050917,-0.0071866,0.0366683,0.081182,0.0085293,0.0118038,-0.0232901,0.0009437,-0.0412654,-0.009155,0.0223267,0.0006696,0.0116241,-0.0095938,-0.0132444,0.0059706,-0.0044663,-0.0033969,-0.0055028
European*Farmer*(6300–2800*BC):European*Farmer:BGR_N,0.1195145,0.185334,0.013011,-0.0912475,0.050625,-0.0461565,0.00141,-0.002538,0.0384505,0.090207,0.012666,0.0132635,-0.02386,0.0033025,-0.037255,-0.016176,0.0259465,0.002344,0.0078565,-0.012631,-0.0169075,0.008223,-0.001602,-0.006989,-0.0070055
European*Farmer*(6300–2800*BC):European*Farmer:SRB_N,0.1277662,0.1822878,0.010748,-0.0957695,0.0574722,-0.0440648,-0.00094,-0.005769,0.039013,0.0868812,0.0036942,0.0131508,-0.022262,0.0014108,-0.0391552,-0.01369,0.0202748,0.000697,0.0124128,-0.0138505,-0.007331,0.0062138,-0.0083192,0.0020182,5.98e-05
European*Farmer*(6300–2800*BC):European*Farmer:HRV_Vucedol,0.129758,0.178733,0.017725,-0.093347,0.062165,-0.043786,-0.00141,0.007384,0.030474,0.087838,-0.004709,0.018284,-0.029137,-0.003165,-0.029994,-0.006497,0.007171,0.007728,0.008422,-0.01013,-0.015223,0.01694,-0.013064,-0.018195,-0.005029
European*Farmer*(6300–2800*BC):European*Farmer:ROU_N,0.1227014,0.1832016,0.0107104,-0.0947036,0.0584108,-0.0461284,-0.00376,-0.0044766,0.0417638,0.0879838,0.008087,0.014597,-0.024975,0.002725,-0.0432676,-0.013365,0.0180972,0.0066384,0.0134748,-0.0100046,-0.014849,0.0048472,-0.0049792,0.0025062,-0.0094602
European*Farmer*(6300–2800*BC):European*Farmer:HUN_ALPc_MN,0.1236118,0.1714212,0.0237586,-0.0715122,0.0657354,-0.0387658,-0.001222,0.0001382,0.0436864,0.0808762,0.005846,0.0122292,-0.0204258,-0.0002202,-0.0353686,-0.0021214,0.0214614,0.0010388,0.0091758,-0.0047274,-0.0027202,0.0082848,-0.0091696,-0.0133994,-0.0033288
European*Farmer*(6300–2800*BC):European*Farmer:HRV_MN_Sopot,0.120652,0.187873,0.018856,-0.087533,0.072629,-0.03765,-0.001175,-0.007154,0.048268,0.086562,0.002598,0.01094,-0.022299,0.009496,-0.03393,-0.005834,0.016428,0.002534,0.00993,-0.000875,-0.007736,-0.003586,0.000246,-0.012291,-0.002754
European*Farmer*(6300–2800*BC):European*Farmer:HUN_Neolithic,0.116479,0.1756867,0.0207417,-0.0740747,0.0623707,-0.038022,-0.0032117,7.7e-05,0.0430863,0.0764787,0.0064957,0.01119,-0.0211593,-0.0014223,-0.0356947,-0.0028283,0.0318137,0.0034207,0.0114387,-0.0085877,-0.0088593,0.003586,-0.0056693,-0.0063863,-0.0064267
European*Farmer*(6300–2800*BC):European*Farmer:POL_BKG_N,0.1216008,0.1717937,0.0336267,-0.0614238,0.0693462,-0.0323977,0.0003917,-0.0002308,0.0459497,0.0785738,0.0023545,0.009391,-0.0177153,0.0030967,-0.0301073,-0.0055688,0.0116477,0.0028717,0.0128632,-0.0093795,-0.0042425,0.0074812,-0.0079698,-0.0190388,-0.0034728
European*Farmer*(6300–2800*BC):European*Farmer:CHE_FN,0.1220752,0.1734015,0.0403518,-0.057494,0.0788607,-0.030748,-0.0019975,-0.0030572,0.0528185,0.0895692,0.0048312,0.0159605,-0.0261642,-0.0063305,-0.0202222,-0.0073918,0.0060955,0.0042125,0.0076678,-0.003908,-0.0009673,0.0055335,-0.0137422,-0.0202437,0.0018858
European*Farmer*(6300–2800*BC):European*Farmer:ITA_Sardinia_N,0.1208802,0.1750774,0.0426146,-0.0540056,0.0774298,-0.029395,-0.0069562,0.0011076,0.0636068,0.0961116,0.0035076,0.0163654,-0.0348462,-0.0142302,-0.0204936,-0.0047466,0.0127256,-0.0013176,0.0062848,-0.0101548,0.0037432,0.0046,-0.0141488,-0.0287268,0.001916
European*Farmer*(6300–2800*BC):European*Farmer:DEU_Baalberge_MN,0.12862,0.17264,0.046197,-0.040375,0.076476,-0.03026,-0.0063455,0.0068075,0.0639135,0.0844665,-0.0030045,0.0106405,-0.020515,-0.0008945,-0.0206975,0.006364,0.0106915,0.008171,0.0039595,-0.003939,0.0021835,0.0034625,-0.018549,-0.0266905,-0.006107
European*Farmer*(6300–2800*BC):European*Farmer:Iberia_Southeast_MLN,0.1261811,0.1677073,0.0457934,-0.042959,0.0838399,-0.0274906,-0.0071173,-0.0006594,0.0686909,0.0943201,0.0008583,0.0181337,-0.0329389,-0.0142144,-0.0076001,-0.0033906,0.0013783,0.002968,0.0018857,-0.0046451,0.0077719,0.0038863,-0.0161279,-0.037768,0.0005473
European*Farmer*(6300–2800*BC):European*Farmer:IRL_EN,0.1252052,0.1713705,0.049497,-0.0421515,0.083631,-0.025867,-0.00517,-0.000923,0.0650385,0.0886125,-0.0003247,0.0118395,-0.0274282,-0.0094958,-0.0099412,-0.000862,0.0057368,0.002502,0.001854,-0.0016882,0.0090775,0.0023805,-0.0134958,-0.030637,0.0012272
European*Farmer*(6300–2800*BC):European*Farmer:Wales_N,0.12236,0.1675625,0.0494025,-0.0421515,0.0829385,-0.0207775,-0.003995,-0.000808,0.0583915,0.085013,-0.002111,0.0109405,-0.031665,-0.0063305,-0.0109935,-0.00716,0.0065845,0.002217,-0.0023885,-0.004752,0.014911,0.006677,-0.0162075,-0.0409095,-0.001916
European*Farmer*(6300–2800*BC):European*Farmer:Iberia_MN,0.1212218,0.1627387,0.0523252,-0.033592,0.0853235,-0.0214745,-0.0098702,-0.0010385,0.0643228,0.0923028,-0.003004,0.0138628,-0.032854,-0.0157232,-0.0081772,-0.0003315,0.0109522,0.004244,-0.001257,-0.00544,0.0181868,0.0046368,-0.0155598,-0.0405782,0.0024248
European*Farmer*(6300–2800*BC):European*Farmer:SWE_TRB,0.128051,0.1627387,0.0550598,-0.0251132,0.0831692,-0.0226598,-0.0006462,0.0076152,0.0556302,0.0712088,0.001908,0.010528,-0.0203295,-0.007122,-0.0109255,0.0139218,0.018971,0.0011717,0.0046825,0.0010945,0.0126653,0.0050078,-0.0153442,-0.0260578,-0.005718
European*Farmer*(6300–2800*BC):European*Farmer:FRA_N,0.1258882,0.168781,0.058906,-0.0279718,0.0873394,-0.020917,-0.00517,0.0033228,0.0659792,0.091519,-0.0012988,0.0145368,-0.0302082,-0.0140924,-0.0043974,0.002811,0.0060758,0.0035978,0.004123,-0.001451,0.0154228,0.0042044,-0.018241,-0.0393068,0.0026826
European*Farmer*(6300–2800*BC):European*Farmer:POL_Globular_Amphora,0.1263436,0.1689961,0.0604725,-0.020045,0.0843053,-0.017849,0.0016865,0.0077916,0.0537897,0.0705682,0.0004012,0.0095386,-0.0161428,-0.0056101,-0.0098915,0.0004289,0.0045635,0.0068486,0.0062036,-0.000846,0.0091822,0.0078046,-0.013956,-0.0272541,0.0009228
European*Farmer*(6300–2800*BC):European*Farmer:Iberia_North_MLN,0.1300429,0.1642619,0.069296,-0.0196222,0.0942868,-0.0192784,-0.0060512,0.0041826,0.0651152,0.0902069,-0.0032476,0.0134692,-0.0308842,-0.0175298,-0.0036982,0.0054198,0.008263,0.0004276,0.0001414,-0.0005314,0.0160184,0.0039721,-0.0140041,-0.0431538,0.0040265
European*Farmer*(6300–2800*BC):European*Farmer:Channel_Islands_LN,0.1308965,0.1701015,0.0686355,-0.011628,0.0827845,-0.0101795,-0.004465,0.0012695,0.0634025,0.082735,-0.000325,0.012739,-0.0276505,-0.016859,-0.002375,0.019491,0.017667,-0.007221,0.004022,0.008942,0.0259545,0.0025965,-0.0152215,-0.0398855,0.001078
European*Farmer*(6300–2800*BC):European*Farmer:DEU_Blatterhohle_MN,0.12862,0.1435283,0.1118793,0.0655693,0.11397,0.0127357,0.004465,0.0177683,0.0726057,0.043919,-0.005413,-0.0004497,-0.001239,-0.010184,0.0177343,0.0315563,0.0093877,0.0057433,-0.0015083,0.0225107,0.0461683,0.008161,-0.0277717,-0.0756333,0.010099
European*Farmer*(6300–2800*BC):European*Farmer:WHG,0.1246365,0.116278,0.184789,0.189279,0.1546445,0.0464355,0.0131605,0.0372675,0.0891725,0.017768,-0.0152645,-0.015736,0.015832,-0.0030275,0.053406,0.058273,0.00502,0.016343,-0.0093015,0.055589,0.0944585,0.0111905,-0.049607,-0.160806,0.0170645
Baltic*Hunter-Gatherer*(5200–4200*BC):Baltic*Hunter-Gatherer:Baltic_LTU_Narva,0.1320347,0.1106928,0.1803263,0.1842187,0.1199712,0.0524315,0.0108103,0.0286143,0.0592778,-0.019074,-0.0055213,-0.0195077,0.0273783,0.0045643,0.0325728,0.0470032,0.0035857,0.0052997,-0.0064943,0.0436457,0.0663412,0.0077283,-0.0292508,-0.1139918,0.0110567
Western*Steppe*(3300–2600*BC):Yamnaya*culture:Yamnaya_RUS_Samara,0.1255849,0.089028,0.0426986,0.1153479,-0.0287232,0.0450564,0.0036033,-0.0025642,-0.0559032,-0.0728943,0.0018222,3.34e-05,-0.0026924,-0.0233041,0.0366141,0.0157633,-0.0012316,-0.0017879,-0.0038408,0.0137704,-0.0031749,0.0007557,0.0110649,0.0186102,-0.004537
Central*Steppe*(2100–1800*BC):Sintashta*culture:RUS_Sintashta_MLBA,0.125433,0.116075,0.0576869,0.0787689,0.0113968,0.0284096,0.0056636,0.0042383,-0.0176231,-0.028034,-0.0025766,0.0013488,-0.0032061,-0.0215196,0.0225975,0.0126579,-0.004885,0.0004476,-0.0002933,-0.0006753,-0.0061142,0.0023618,0.0026497,0.007033,-0.0041074
Bronze*Age*Caucasian*(3700–1700*BC):Kura-Araxes*culture:ARM_Kura-Araxes_Kaps,0.1007335,0.133034,-0.069956,-0.0431205,-0.0509325,-0.009343,0.009283,-0.0119995,-0.0674925,-0.016857,0.0038975,0.0128885,-0.019623,0.0059865,0.0041395,-0.0096125,-0.0001305,-0.0031035,-0.000754,0.0010005,0.0038685,0.0009895,-0.0036975,-0.008073,-0.001497
Bronze*Age*Caucasian*(3700–1700*BC):Maykop*culture:RUS_Maykop_Novosvobodnaya,0.1058555,0.133542,-0.0718415,-0.034884,-0.048932,-0.0026495,0.0131018,-0.0075572,-0.064783,-0.0246475,0.004222,0.009217,-0.0237855,0.0047135,0.0077702,-0.0188278,0.008866,-0.0023122,-0.011407,0.008848,0.0117605,-0.0029985,0.0028657,-0.0084952,0.0044608
Bronze*Age*Caucasian*(3700–1700*BC):North*Caucasian*(Middle*Bronze*Age):RUS_North_Caucasus_MBA,0.1064245,0.1345575,-0.0671275,-0.033915,-0.055549,-0.0036255,0.0148055,-0.0071535,-0.0750605,-0.032256,-0.0005685,0.0116895,-0.026982,0.0004815,0.006582,-0.0200875,0.0133645,-0.003421,-0.0115015,0.015403,0.017469,-0.0011745,-0.003451,-0.0177735,-0.0058675
Bronze*Age*Anatolian*(3400–1500*BC):North*Anatolian*(Early*Bronze*Age):TUR_BlackSea_Amasya_EBA,0.1058554,0.1584226,-0.0488748,-0.0832694,-0.0075706,-0.0343036,0.000987,-0.0083074,-0.0173026,0.0269342,0.0063656,0.009981,-0.0136174,0.004817,-0.0207652,-0.0113762,0.0051108,0.0016722,0.004475,-0.0093546,-0.0030444,0.0041052,-0.0033032,-0.0043862,-0.00012
Bronze*Age*Anatolian*(3400–1500*BC):Hittite:TUR_Kaman-Kalehoyuk_MLBA_withoutsteppe,0.1066143,0.1519910,-0.0472660,-0.0851643,-0.0067703,-0.0283537,-0.0010967,-0.0080767,-0.0146573,0.0273357,0.0103930,0.0072433,-0.0121903,0.0048627,-0.0140697,-0.0068507,0.0115607,-0.0034207,0.0082960,-0.0034187,-0.0009150,0.0046167,-0.0050530,0.0022893,-0.0013570
Bronze*Age*Anatolian*(3400–1500*BC):West*Anatolian*(Bronze*Age):TUR_Med_Isparta_BA,0.1153407,0.15673,-0.0414833,-0.0790273,-0.0013337,-0.0243563,-0.0012533,-0.005769,-0.0092037,0.031466,0.0076323,0.005895,-0.0140237,-0.0022937,-0.022846,0.003182,0.0198617,0.0002957,0.00574,-0.0025847,-0.0036603,-0.0016487,0.0021363,-0.001767,-0.0025547
Bronze*Age*Anatolian*(3400–1500*BC):Central*Anatolian*(Early*Bronze*Age):TUR_Ovaoren_EBA,0.0990263,0.151991,-0.0452547,-0.0812883,-0.0043087,-0.022776,-0.0019583,-0.0081533,-0.0088627,0.027457,0.0073077,0.0044463,-0.0130327,-0.0065143,-0.0147933,-0.000442,0.0126037,0.003801,0.0043577,-0.0017507,0.0003327,0.0055233,-0.0028757,0.0011247,-0.0024747
Copper*Age*Zagros*(6000–5700*BC):Copper*Age*Zagros:IRN_Hajji_Firuz_C,0.0884975,0.1330342,-0.0779698,-0.0673455,-0.0431615,-0.0184765,0.0082252,-0.0081343,-0.0353828,-0.0029612,0.0050747,-0.002098,-0.0014865,0.0002062,-0.005293,0.0025522,-3.25e-05,0.0012668,0.0033938,-0.006597,0.005272,-0.0033388,-0.0077338,-0.0127128,-0.0001195
Canaanite*(1800–1100*BC):Canaanite*(Baqah):Levant_Baqah_BA,0.0878146,0.1485719,-0.0613198,-0.1046686,-0.0111404,-0.038222,-0.0059575,-0.008215,0.0145723,0.0087018,0.0110425,-0.0114123,0.0239046,0.0015208,-0.0082111,0.0121054,-0.0002609,0.003712,0.003708,0.0065595,0.0049349,0.0068132,-0.0056694,0.000506,-0.0026824
Canaanite*(1800–1100*BC):Canaanite*(Megiddo):Levant_Megiddo_MLBA,0.0861261,0.1455592,-0.0646134,-0.1002072,-0.014596,-0.0394563,-0.0045434,-0.0097249,0.0131382,0.0089382,0.0103465,-0.0088707,0.0219027,0.0020119,-0.007316,0.005411,-0.0024898,0.004217,0.0036812,0.0073607,0.0047534,0.0040982,-0.0049357,-0.0025361,-0.0014427
Canaanite*(1800–1100*BC):Canaanite*(Sidon):Levant_Sidon_MBA,0.0812696,0.1468454,-0.0613196,-0.0979336,-0.0105248,-0.0389334,-0.0047942,-0.0065998,0.0114534,0.0101686,0.0104904,-0.0097712,0.0215854,0.005505,-0.0075734,0.0065234,-0.0001562,-0.0011906,0.0015086,0.004252,0.0042674,0.007543,-0.0012572,0.0015906,-0.0005028
Canaanite*(1800–1100*BC):Canaanite*(Hazor):Levant_Hazor_MLBA,0.084988,0.151314,-0.064865,-0.1020683,-0.0106687,-0.0403463,-0.0060317,-0.0128457,0.0145893,0.0075323,0.0086607,-0.0108403,0.0207133,0.0021103,-0.0085957,0.0107397,-0.008388,0.0043917,0.002933,0.0077953,0.0061143,0.005317,-0.001438,-0.0017273,-0.0017163
Arabian*Peninsula:Arabian*Peninsula:BedouinB,0.041925,0.1439232,-0.0598156,-0.1169808,-0.0093179,-0.0480622,-0.0141008,-0.0087432,0.05154,-0.0052038,0.0158689,-0.0305729,0.0629496,0.004855,0.0043959,0.0288529,-0.0199706,0.00366,-0.0040153,0.029,0.0109668,0.0152299,-0.0039166,0.0071025,-0.0083092
Egyptian*(780–400*BC):Egyptian*(Late*Period):EGY_Late_Period,0.050082,0.146744,-0.042426,-0.1183805,-0.0020005,-0.049782,-0.015628,-0.004731,0.0474495,0.006196,0.0090125,-0.011465,0.029732,-0.005849,-0.0008145,-0.0020555,-0.0074315,-0.0019635,-0.0035195,0.0120055,0.005615,0.0016695,0.0036355,0.003916,-0.0005985
Egyptian*(780–400*BC):Egyptian*(Achaemenid*Period):Levant_Beirut_IAIII_Egyptian:SFI-43__BC_537__Coverage_26.06%,0.037562,0.14319,-0.050911,-0.109821,0.000615,-0.045459,-0.009635,0.001154,0.044995,0.006196,0.012991,-0.020382,0.0388,0.001101,-0.000407,0.005436,-0.002999,-0.002914,-0.004399,0.018259,0.013975,0.002968,0.001356,0.005302,-0.003353
Bactria–Margiana*Archaeological*Complex*(2000–1600*BC):Bactria–Margiana*Archaeological*Complex*(Dzharkutan):UZB_Dzharkutan1_BA,0.0813021,0.0764549,-0.1100653,0.0094131,-0.0975127,0.0232676,0.0047,-0.0089339,-0.0625259,-0.0395713,0.0016936,-0.0010277,-0.0001274,-0.0121304,0.0200089,0.026537,-0.0060907,0.0029863,0.0027113,-0.0196344,0.0007131,-0.0107049,-0.0014439,-0.0143564,0.0090667
Bactria–Margiana*Archaeological*Complex*(2000–1600*BC):Bactria–Margiana*Archaeological*Complex*(Bustan):UZB_Bustan_BA,0.0823317,0.0809038,-0.1135133,0.0062447,-0.093043,0.019987,0.0068153,-0.0022307,-0.0583915,-0.0345033,0.000839,0.001049,0.003543,-0.0057113,0.0099755,0.0221645,-0.0081273,0.0036528,0.0063687,-0.0195927,-0.0014973,-0.0113143,-0.0044985,-0.020083,0.0069455
Bactria–Margiana*Archaeological*Complex*(2000–1600*BC):Bactria–Margiana*Archaeological*Complex*(Gonur):TKM_Gonur1_BA,0.0797711,0.0788728,-0.1109992,0.0083172,-0.0985823,0.0210331,0.0070112,-0.006269,-0.0638796,-0.0407905,-0.0022328,0.0026476,-0.0055005,-0.0064683,0.0183108,0.0248938,-0.0047916,0.0007389,0.0045462,-0.0232508,-0.0020797,-0.0143128,-0.0016537,-0.0157552,0.0111767
Bactria–Margiana*Archaeological*Complex*(2000–1600*BC):Bactria–Margiana*Archaeological*Complex*(Sappali*Tepe):UZB_Sappali_Tepe_BA,0.0780206,0.0867815,-0.1166675,-0.0024959,-0.0896671,0.0194716,0.0081611,-0.0042795,-0.0616917,-0.0368116,-0.0019339,0.0020164,-0.0042435,-0.0054048,0.0155215,0.0290132,-0.0005926,0.0016469,0.0038166,-0.0196687,0.0009982,-0.0144786,0.0017815,-0.0149418,0.0103418
Indus*Valley*Civilization*(3100–2000*BC):Indus*Valley*Civilization:IRN_Shahr_I_Sokhta_BA2,0.0455292,-0.0331064,-0.1690254,0.0957374,-0.103404,0.0561686,0.0075672,0.0043384,0.007772,0.0049936,-0.0033452,0.006684,-0.0024382,-0.0029452,0.0078446,0.0104482,-0.0039116,0.0024324,0.0004778,-0.0146824,0.0011976,-0.0132554,0.0003698,-0.0097362,0.0012452
Ancient*Ancestral*South*Indian:Ancient*Ancestral*South*Indian,-0.017354205,-0.304894303,-0.268679085,0.181329575,-0.039351991,0.073271504,-0.022843875,0.037359828,0.187881353,0.126707043,-0.010024877,-0.004718921,0.008198494,0.036303194,-0.056184046,-0.072647447,-0.011352189,0.00825265,0.004209097,0.038425578,0.00661663,0.026988706,0.007609686,0.01678573,-0.009232161
Ancient*Ancestral*South*Indian:Ancient*Ancestral*South*Indian,0.003619659,-0.232207345,-0.238759358,0.177803307,-0.049846413,0.074427442,-0.013528674,0.028614532,0.145189154,0.099856405,-0.009629229,-0.007501248,0.004294371,0.024294913,-0.044886968,-0.038569947,0.008810692,-0.004591174,-0.004761423,0.029743743,0.014289671,0.018672895,0.00018522,0.016546395,-0.013074696
Ancient*Ancestral*South*Indian:Ancient*Ancestral*South*Indian,-0.004810655,-0.212137156,-0.203515802,0.148876368,-0.031558109,0.053539852,-0.011510205,0.024112889,0.125139446,0.089041726,0.000713882,-0.003792554,-0.000836537,0.024717049,-0.049653257,-0.032409686,0.023256422,0.001963602,0.003977382,0.044586008,0.007150366,0.028673754,-0.011179757,0.016897181,-0.011729691
Ancient*Ancestral*South*Indian:Ancient*Ancestral*South*Indian,-0.009525226,-0.239836772,-0.208951108,0.15454375,-0.020718969,0.056088654,-0.012872771,0.020823205,0.131311868,0.088651109,0.000283925,-0.001321365,0.001259261,0.018812454,-0.040159185,-0.037173939,0.01966007,-0.002000181,-0.002444666,0.043405215,0.009660745,0.021705468,-0.00888917,0.013704877,-0.009439234
North*Amerindian*(4000*BC–AD*1600):North*Amerindian:CAN_400BP:MARC1492,0.052359,-0.319892,0.120679,0.091409,-0.10125,0.004183,-0.208689,-0.249682,-0.00225,-0.026789,-0.000974,-0.002548,-0.003717,0.018441,-0.000407,0.021612,0.008996,0.012289,0.00264,-0.00988,-0.006364,-0.01014,-0.009244,0.005422,0.009819
North*Amerindian*(4000*BC–AD*1600):North*Amerindian:CAN_6000BP:XVII-B-939,0.052359,-0.332078,0.108611,0.071706,-0.102788,-0.018686,-0.191769,-0.229837,-0.001432,-0.015672,-0.003573,0.007343,0.002081,-0.00578,-0.007329,-0.009281,-0.001434,0.007728,0.007793,0.007754,0.003993,-0.00507,0.006902,0.00494,0.006706
North*Amerindian*(4000*BC–AD*1600):North*Amerindian:CAN_BigBar_5700BP:19651,0.050082,-0.312783,0.106348,0.083334,-0.101865,-0.013666,-0.202344,-0.23999,-0.005318,-0.014579,-0.002273,-0.005245,-0.002676,-0.005918,-0.008415,0.00305,0.001434,-0.00038,0.005782,0.017258,0.008485,-0.005193,0.002711,0.003856,0.005269
North*Amerindian*(4000*BC–AD*1600):North*Amerindian:USA_WA_Kennewick:kennewick,0.046667,-0.307705,0.109742,0.08721,-0.100634,-0.019801,-0.220675,-0.261681,-0.01268,-0.017677,0.001949,0.000599,0.001784,0.012524,-0.010043,0.010209,0.007302,0.005701,0.01345,0.005002,0.000499,-0.008532,-0.002342,0.001566,-0.001676
South*Amerindian*(9000*BC–AD*1500):Los*Rieles*(10900*BP):CHL_LosRieles_10900BP,0.044391,-0.304659,0.118416,0.101099,-0.111098,-0.012829,-0.291648,-0.349832,-0.010022,-0.022597,0.005359,-0.003897,-0.004014,0.018854,-0.008822,0.006895,0.008475,0.000507,0.000754,0.008004,0.001248,-0.000989,0.005916,-0.000602,-0.000958
South*Amerindian*(9000*BC–AD*1500):Laranjal*(6800*BP):BRA_Laranjal_6700BP,0.0478055,-0.3168455,0.119736,0.095285,-0.1110975,-0.018686,-0.2920005,-0.34164,-0.010533,-0.014397,0.000406,0.0014985,0.0017095,0.0275245,-0.009704,0.0066955,0.0110825,-0.0039905,0.002325,0.004815,0.007986,0.008656,0.003451,0.0006025,0.006167
South*Amerindian*(9000*BC–AD*1500):Ayayema*(5100*BP):CHL_Ayayema_5100BP,0.046667,-0.313799,0.114268,0.096254,-0.119099,-0.018965,-0.288123,-0.338986,-0.015748,-0.017495,0.000974,-0.004946,0.002379,0.024359,-0.008143,0.009812,0.006258,0.001647,0.006913,0.005002,-0.002745,0.001978,-0.001849,-0.003735,-0.000359
South*Amerindian*(9000*BC–AD*1500):Yamana*(1500*BP):ARG_Yamana_1500BP,0.053497,-0.313799,0.118039,0.094316,-0.117253,-0.027331,-0.290708,-0.342678,-0.01084,-0.012392,-0.002436,0.003297,0,0.031516,-0.002986,0.00769,0.007171,-0.000887,-0.005656,0.004002,0.003993,0.010758,-0.00419,0.006868,-0.004191
South*Amerindian*(9000*BC–AD*1500):Kaweskar*(1000*BP):CHL_Kaweskar_1000BP,0.055204,-0.316845,0.113513,0.0948005,-0.1047885,-0.0170125,-0.2870655,-0.3494855,-0.0155435,-0.0207745,-0.000893,-0.0047205,0.0026015,0.0264235,-0.00855,0.004508,0.0024775,-0.000697,-0.0018855,0.002126,-0.003057,0.001669,-0.0056695,-0.0006625,-0.002814
South*Amerindian*(9000*BC–AD*1500):Selknam*(500*BP):ARG_Selknam_500BP,0.056684,-0.31847,0.1147954,0.097223,-0.1189144,-0.0216978,-0.289533,-0.3483546,-0.0159528,-0.0145426,-0.002436,0.0005394,-0.001427,0.0209738,-0.0067588,0.0048792,0.0086314,0.00038,-0.004123,-0.0006754,-0.0012976,0.0013848,-0.004708,0.0003616,-0.0006226
Northwest*African*(5200–4900*BC):Northwest*African*(Early*Neolithic):MAR_EN,-0.1735805,0.0919055,-0.0258325,-0.083657,0.0283125,-0.0596825,-0.079316,0.021461,0.1500185,0.0043735,0.0222475,-0.0264515,0.075148,-0.0461725,0.069353,-0.03381,0.0171455,-0.05549,-0.1487635,0.0340785,-0.038245,-0.118212,0.0826995,-0.009941,0.021615
Savanna*Pastoral*Neolithic*(2000*BC–AD*600):Savanna*Pastoral*Neolithic:KEN_Early_Pastoral_N,-0.234476,0.102061,-0.036015,-0.081073,0.0018465,-0.0430885,-0.004465,-0.0116535,0.121078,-0.0727125,0,-0.0143875,0.008176,0.001376,0.0259225,-0.016839,0.0203395,0.004941,-0.001697,0.001063,-0.000998,0.004575,0.0042525,-0.0001205,0.005269
Savanna*Pastoral*Neolithic*(2000*BC–AD*600):Savanna*Pastoral*Neolithic:KEN_LuKENHill_3500BP,-0.309599,0.093429,-0.026776,-0.081073,0.006155,-0.038766,-0.00141,-0.010615,0.121078,-0.085469,-0.004709,-0.006744,-0.006838,0.000275,0.029316,-0.032352,0.011213,0.004181,0.003017,-0.007379,-0.00574,-0.000866,-0.000986,0.000723,0.003952
Savanna*Pastoral*Neolithic*(2000*BC–AD*600):Savanna*Pastoral*Neolithic:TZA_Luxmanda_3100BP,-0.303908,0.087336,-0.022627,-0.066861,0.005539,-0.035419,0.00141,-0.018692,0.111465,-0.075992,-0.006333,-0.0054,0.001635,0.001789,0.022122,-0.012198,0.020731,0.013682,0.000754,-0.004877,0.003244,-0.001978,-0.006655,0.00494,0.001078
Savanna*Pastoral*Neolithic*(2000*BC–AD*600):Savanna*Pastoral*Neolithic:KEN_HyraxHill_2300BP,-0.284558,0.097491,-0.01961,-0.066538,-0.001231,-0.04267,-0.0094,0.006231,0.125987,-0.087109,-0.01023,-0.006294,-0.004906,-0.001927,0.030401,-0.02559,0.007302,-0.006588,0.001257,-0.000625,0.002121,-0.004451,-0.002588,0.002771,-0.009939
Savanna*Pastoral*Neolithic*(2000*BC–AD*600):Savanna*Pastoral*Neolithic:KEN_Pastoral_N,-0.3004929,0.0954598,-0.0263607,-0.0737732,0.0007384,-0.0365346,-0.0094944,-0.0014769,0.1220598,-0.0880928,-0.0057811,-0.0097713,-0.0017243,-0.0018993,0.0229232,-0.0209888,0.0222697,-0.0004942,0.0076929,-0.0014882,0.0019467,0.00298,-0.0040671,-0.0013375,-0.0010058
Savanna*Pastoral*Neolithic*(2000*BC–AD*600):Savanna*Pastoral*Neolithic*(Elmenteitan):KEN_Pastoral_N_Elmenteitan,-0.2868343,0.091567,-0.0272783,-0.0740208,0.0025645,-0.0387193,-0.009126,-0.0053845,0.1228507,-0.0830085,-0.005819,-0.006694,-0.0027748,0.0002982,0.0218057,-0.020242,0.0176018,0.0028083,0.0093017,-0.0022928,0.0035353,0.0019373,-0.0089767,-0.0044987,0.0015568
Savanna*Pastoral*Neolithic*(2000*BC–AD*600):Savanna*Pastoral*Neolithic:TZA_PN,-0.2922976,0.1001312,-0.0287366,-0.081396,0.0041852,-0.0387658,-0.0134898,-0.0005998,0.125087,-0.0781792,-0.0068202,-0.0029074,0.000119,-0.007927,0.0258412,-0.014399,0.0226084,0.0035726,0.0030168,-0.0024762,0.0020464,0.0038828,-0.0021444,-0.0065068,-0.0057
Sub-Saharan*African:Pygmy:Mbuti,-0.647426,0.0591038,0.0254932,0.0374034,-0.001108,0.0066378,0.3663348,-0.293434,0.0177118,0.02985,-0.0089316,0.2198242,0.1264506,0.0010182,0.010342,-0.0014052,0.0009386,-0.0518664,0.014229,0.003727,0.0061144,-0.0018548,-0.0043878,0.0025304,-0.0006944
Sub-Saharan*African:Pygmy:Baka,-0.640255,0.0629625,0.020553,0.030362,0.003385,0.0099005,0.153462,-0.117226,-0.0211685,0.0320735,0.0094995,-0.1138235,-0.0373135,-0.0008945,0.0021035,-0.0034475,0.003194,-0.022107,0.005594,-0.0015005,0.0019965,-0.000371,0.001171,0.0021685,-0.002814
Sub-Saharan*African:Pygmy:Bakola,-0.6413935,0.060424,0.026587,0.0308465,0.001231,0.0041835,0.157692,-0.1221875,-0.015339,0.032256,0.0061705,-0.0892455,-0.02884,-0.0017205,0.0046825,-0.002917,0.0011085,0.0026605,0.0005025,0.0015635,-0.0008735,-0.003957,-0.001479,0.0012655,-0.0014365
Sub-Saharan*African:Pygmy:Biaka,-0.6421518,0.061947,0.0265242,0.0331075,0.0016925,0.0083207,0.1721062,-0.133879,-0.0224977,0.0394542,0.0159953,-0.1475687,-0.0481908,-0.002546,0.0038228,-0.003425,-0.0008908,-0.0296027,0.0102023,-0.0006047,0.0022878,-0.0014837,-0.0015818,0.001004,-0.0030935
Sub-Saharan*African:Pygmy:Bedzan,-0.641962,0.062963,0.0228155,0.0279395,0.002308,0.00753,0.1360715,-0.0992265,-0.0204525,0.03098,0.0064955,-0.081602,-0.0254955,-0.0052985,0.004411,-0.0037785,0.003325,-0.0019635,0.0019485,0.0020005,-0.0044295,-0.001669,-0.001356,-0.0016265,-0.0021555
Sub-Saharan*African:West*African:Yoruba*(Nigeria),-0.63006255,0.062501091,0.022113,0.016707909,0.00050354545,0.012474091,-0.044417,0.047767273,-0.048881273,0.032769364,0.0046205455,0.00079036364,0.023056091,0.00095090909,0.012523182,-0.0096067273,0.0070762727,0.00044909091,0.006022,-0.00299,0.0015541818,0.0023156364,-0.0017591818,-0.00047109091,-0.00042463636
Sub-Saharan*African:West*African:Kassena*(Ghana),-0.62281726,0.06470946,0.01932368,0.01441872,0.00028928,0.01309672,-0.0465132,0.04809956,-0.042905,0.0299304,0.003342,0.0018703,0.02088682,-0.00087806,0.0122555,-0.01033408,0.00996656,-0.00162414,0.0022877,-0.0015107,0.00027712,0.00183006,-0.00041656,-6.27E-05,-2.16E-05
Sub-Saharan*African:West*African:Akan*(Ghana),-0.62721082,0.06363296,0.02093024,0.0158593,0.00076928,0.01229906,-0.0382693,0.0399445,-0.0437926,0.03146486,0.00460532,-8.99E-05,0.02012862,0.00091382,0.01163396,-0.00931304,0.00862884,0.00176344,0.00283322,-0.00183584,-0.00036682,0.00208974,-0.00049544,0.00029888,-0.00010774
Sub-Saharan*African:West*African:Frafra*(Ghana),-0.62245302,0.063897,0.0204022,0.01414094,0.0005232,0.01245528,-0.04683282,0.04725494,-0.0409007,0.03001424,0.0039103,0.00126492,0.02137138,-0.00019262,0.01186194,-0.00912218,0.00753094,-0.00200674,0.00352204,-0.0015933,-0.00011978,0.00183502,-8.128E-05,-0.0006941,5.27E-05
Sub-Saharan*African:West*African:Mossi,-0.62065464,0.06440476,0.01982906,0.01377918,-0.00020924,0.01171904,-0.04630172,0.0473473,-0.0406388,0.02845796,0.00418964,0.00181634,0.02273324,0.00053944,0.01277936,-0.00957028,0.00977622,-0.00221198,0.00210926,-0.00225106,0.00092586,0.00130576,-0.00016022,-0.0004,0.00062506
Sub-Saharan*African:West*African:Igbo,-0.63058,0.0639785,0.0214955,0.018088,0.001385,0.0110165,-0.0314915,0.0406135,-0.0452,0.0336225,0.004141,-0.0014235,0.0178395,0.002477,0.0050895,-0.0049725,0.0082795,0.0041805,0.0030795,0.001563,-6.25E-05,0.000371,-0.0025885,0.001145,-0.0024545
Sub-Saharan*African:West*African:Bambara*(Mali),-0.61502418,0.0636398,0.020037617,0.012656217,0.00034368333,0.0103655,-0.042454733,0.0430867,-0.037298367,0.02774245,0.0043628333,-4.2483333E-05,0.020277267,-0.00011923333,0.01314905,-0.0094204833,0.0095919333,-0.00027663333,0.0013051333,-0.0013818667,0.00037638333,-0.00037506667,5.7466667E-05,-0.0001727,-0.00038923333
Sub-Saharan*African:West*African:Dogon,-0.61217867,0.062285833,0.021024417,0.0099591667,0.0016926667,0.01078375,-0.047844167,0.045363583,-0.035519,0.029264083,0.0050069167,0.0016485833,0.022423,-0.0023396667,0.011366583,-0.0076019167,0.010495833,-0.00284,0.0004085,-0.0016883333,-0.00120625,-0.00040191667,0.0012530833,-0.00044175,0.0055084167
Sub-Saharan*African:West*African:Jola*(Gambia),-0.62533815,0.063907044,0.019454798,0.011846167,-0.00046701754,0.009886,-0.033245711,0.037623947,-0.033292553,0.024900789,0.0046308947,-0.0015367807,0.017598026,-5.5508772E-05,0.012062447,-0.010066316,0.0098920614,0.0015158333,-0.0021787632,-0.0010860439,-0.0015750702,-0.0023212193,0.00028652632,-0.0026983947,0.0016712193
Sub-Saharan*African:West*African:Malinke*(Mali),-0.61155524,0.064351327,0.018956082,0.012709061,0.00090436735,0.010632041,-0.039577857,0.041447224,-0.035040388,0.026197449,0.0053090816,-0.0010704694,0.019216612,-0.00074142857,0.012782714,-0.011097,0.0093078163,-0.00010344898,-0.00064128571,-0.0010642245,-0.0010110204,-0.0010548571,0.00034710204,-0.00068612245,0.00094332653
Sub-Saharan*African:West*African:Manjak*(Gambia),-0.61231771,0.063504378,0.018713511,0.012151978,-5.4733333E-05,0.0090671333,-0.033501956,0.035378,-0.030410378,0.023808156,0.0050303333,-0.0013054667,0.0166698,0.00036384444,0.013442444,-0.010583578,0.009066,0.00046728889,-0.0014134667,-0.0023678889,-0.0017025556,-0.0034705111,0.00073666667,-0.0016440444,0.0015301333
Sub-Saharan*African:West*African:Mende*(Sierra*Leone),-0.62261238,0.064486,0.022863,0.01703825,0.00296225,0.009273,-0.0229135,0.026883375,-0.038808375,0.027927625,0.005744625,-0.00503925,0.0177835,0.000516125,0.01024675,-0.007275875,0.00942025,0.00663525,0.001037,-0.000390875,0.00305725,0.00131375,-0.003374,-0.000256125,-0.00017975
Sub-Saharan*African:West*African:Mandinka*(Senegal),-0.60749928,0.063865444,0.018269278,0.010694889,-0.00022227778,0.0090486111,-0.037954444,0.038562556,-0.0308035,0.025857278,0.0050791667,-0.001224,0.019499333,-0.00099383333,0.016535278,-0.012124556,0.010916056,-0.00026744444,-0.0019413889,-0.0022025,-0.0017953889,-0.0056467222,0.00059583333,-0.0010042222,0.0014968333
Sub-Saharan*African:West*African:Serer*(Gambia),-0.60392262,0.0633893,0.01756634,0.01058794,0.0013848,0.0082886,-0.03860302,0.03938602,-0.0289074,0.02438328,0.0033549,-0.00115692,0.01778878,-0.00134044,0.01436736,-0.01053558,0.0093824,-0.00130742,-0.0027955,-0.00253622,-0.0016646,-0.00359332,0.00124728,-0.00097838,0.00269186
Sub-Saharan*African:West*African:Wolof*(Gambia),-0.60458366,0.065211411,0.017657384,0.0080461607,0.00069514286,0.0074154911,-0.039200714,0.041233848,-0.027979616,0.024818268,0.0046323929,-0.0012550982,0.018793625,-0.0016097054,0.013528357,-0.012294143,0.010811384,-0.0021718036,-0.0038562232,-0.0014862054,-0.0024276339,-0.0054108839,0.0026597857,-0.0014341161,0.001932
Sub-Saharan*African:West*African:Mandinka*(Gambia),-0.6038856,0.063741051,0.017011708,0.011201263,0.0015858978,0.0084053942,-0.03635473,0.037027628,-0.02832727,0.023185241,0.0041509708,-0.0012853723,0.017775219,-0.0011783504,0.014571657,-0.011406577,0.0099168175,-0.00020529927,-0.0027561679,-0.0018403139,-0.0013279489,-0.0031409489,0.0021905401,-0.0013394818,0.0011756642
Sub-Saharan*African:Khoisan:San*(Ju*Hoan),-0.616466,0.0601194,0.0211942,0.028424,0.0025852,-0.0038486,0.2541404,-0.199192,0.0240112,0.007909,0.0032478,-0.0723558,-0.0255104,0.00867,0.0283928,-0.0321662,0.0461558,0.4102178,-0.1364076,0.003877,-0.0556018,-0.0051686,0.0126206,-0.0044826,0.0028978
Sub-Saharan*African:Khoisan:San*(Khomani),-0.6220435,0.060424,0.02093,0.030039,-0.0004615,0.000837,0.236773,-0.1823,0.0185095,0.0067425,0.00203,-0.053952,-0.0211845,0.005505,0.018797,-0.0212805,0.029662,0.2623085,-0.0877375,0.001751,-0.0331915,-0.002844,0.0038205,-0.0050005,0.0016765
Sub-Saharan*African:Nilo-Saharan:Dinka,-0.57768787,0.052839375,0.001414125,-0.00767125,-0.002971625,-0.0024228125,-0.013101938,0.015944094,0.079221063,-0.097997438,-0.020516781,0.023374438,-0.041666719,-0.00021940625,0.0086055937,-0.017464594,0.019451687,-0.011956188,0.020924844,-0.020603594,0.00076034375,0.0036594375,-0.003994,-0.0016003437,0.0059088438
Sub-Saharan*African:Nilo-Saharan:Anuak,-0.5729729,0.0534846,0.0013828,-0.0069983,-0.0020687,-0.0027734,-0.0084211,0.0128457,0.0784688,-0.0967269,-0.0198205,0.0231961,-0.0391473,-0.0008028,0.0086032,-0.0167209,0.0210281,-0.0083192,0.0196647,-0.0189466,6.25e-05,0.0050904,-0.0049162,-0.0026375,0.0046168
Sub-Saharan*African:Nilo-Saharan:Shilluk,-0.57471192,0.056362,0.0010686667,-0.0094208333,-0.0018721667,-0.0038811667,-0.015334667,0.017960667,0.080088083,-0.097724083,-0.018282167,0.023966083,-0.039184417,-0.00068816667,0.0070461667,-0.0142755,0.021035333,-0.012531667,0.018749917,-0.019426167,-0.0016221667,0.0039568333,-0.00450875,-0.002701,0.0028738333
Sub-Saharan*African:Nilo-Saharan:Nuer,-0.5769205,0.054258429,0.00018871429,-0.0083749286,-0.0022201429,-0.0052791429,-0.012505929,0.015015786,0.0868495,-0.10521529,-0.021597786,0.024556714,-0.045681214,-0.0015926429,0.0074257857,-0.016242286,0.024055786,-0.012388286,0.018890571,-0.019518286,-0.00097157143,0.003692,-0.0057575714,-0.0036147857,0.0040628571
Sub-Saharan*African:Nilo-Saharan:Bari,-0.5859045,0.0528075,0.00405425,-0.0056525,-0.00200025,-0.00237025,0.006874,0.005019,0.075367,-0.0960385,-0.01737575,0.0251025,-0.04073325,-0.000929,0.004309,-0.0153475,0.01786275,-0.01108525,0.01901175,-0.01913425,0.0003745,0.00707925,-0.005269,-0.00298225,0.00272425
Sub-Saharan*African:Nilo-Saharan:Kakwa,-0.591121,0.051792,-0.001886,-0.0017226667,0.000513,-0.0011156667,0.014492667,-0.0054613333,0.058766667,-0.074717,-0.016401333,0.027325667,-0.025668667,-0.00050466667,0.011536333,-0.018297667,0.009344,-0.0079393333,0.018100333,-0.018008667,0.001913,0.0061413333,-0.0028756667,-0.0060246667,0.0036723333
Sub-Saharan*African:Nilo-Saharan:Aringa,-0.59017275,0.04976075,0.0062225,0.00702525,-0.009925,0.00041825,0.00658,0.001904,0.054966,-0.06774625,-0.01550825,0.020644,-0.0264245,-0.00017225,0.003902,-0.01306,0.018612,-0.00383225,0.0172205,-0.01116175,-0.0026515,0.0055335,-0.00486825,0.00262075,0.00098775
Sub-Saharan*African:Nilo-Saharan:Mursi,-0.525294,0.056362,-0.0062225,-0.017119,-0.002616,-0.012132,-0.0024675,0.0040385,0.098376,-0.105788,-0.020055,0.019108,-0.039098,0.0005505,0.009704,-0.021811,0.0162325,0.0003165,0.016278,-0.019885,-0.003182,0.0045135,-0.006655,-0.0037355,0.0008985
Sub-Saharan*African:Nilo-Saharan:Zaghawa*(Sudan),-0.52927762,0.064603154,-0.00023207692,-0.024920692,-0.00052084615,-0.010318846,-0.035866231,0.029963231,0.085538231,-0.091300385,-0.018474846,0.017488154,-0.026484538,-0.0046262308,0.012444462,-0.017705846,0.018253692,-0.015914,0.013517462,-0.015382385,-0.0040889231,-0.0018547692,-0.00092923077,-0.0034664615,0.0034543077
Sub-Saharan*African:Bantu:Bantu*(Kenya),-0.600986,0.062455,0.014708,0.0117895,0.002,0.00753,-0.012338,0.0265375,0.0029655,-0.0244195,-0.0023545,0.013338,-0.0320365,0.003303,-0.0352875,0.025921,-0.015255,-0.0043705,-0.0152725,0.006003,0.00287,-0.0051315,-0.0030195,0.0003615,0.0022155
Sub-Saharan*African:Bantu:Luhya*(Kenya),-0.5978967,0.063688,0.0171859,0.007106,-1e-07,0.0058569,-0.0145036,0.0188894,0.0045287,-0.0215819,-0.0050573,0.015993,-0.0328754,0.0011991,-0.0304013,0.0267264,-0.0180303,-0.0024431,-0.009948,0.0047167,0.0016934,0.0001946,0.0034157,0.0039763,0.0006671
Sub-Saharan*African:Bantu:Bantu*(South*Africa),-0.6293153,0.0637527,0.0201969,0.0178368,-0.0011624,0.0094514,0.0293503,-0.0129994,-0.0214296,0.0114607,0.0024178,-0.007793,-0.0111991,0.0022937,-0.009817,0.0063643,-0.0051864,0.0603178,-0.0249161,0.0034739,-0.0041872,-0.0009891,0.0023414,0.0010041,-0.0004392
Sub-Saharan*African:Bantu:Herero*(Namibia),-0.6222873,0.0658643,0.018425,0.0160116,0.0006156,0.0075699,0.0014437,0.0089336,-0.0274354,0.0172863,0.0028534,-0.0046459,-0.0030369,0.001966,-0.0051573,0.004887,-0.0033901,0.0217903,-0.0106846,0.0037876,-0.0011764,0.0004591,0.0014964,0.0002411,-0.0005471
Sub-Saharan*African:Bantu:Nyaneka,-0.6262898,0.0636658,0.0210025,0.0169202,-0.000213,0.0095253,-0.0095993,0.0182299,-0.031544,0.0147751,0.0016237,-0.0015793,-0.003625,0.0006881,-0.0091142,0.0065684,-0.0032295,0.0092969,-0.0059465,0.0045695,0.0008926,-0.0006943,0.0010713,-0.0002873,0.0004973
Sub-Saharan*African:Bantu:Umbundu,-0.6262548,0.0632674,0.0217409,0.0160531,0.0014772,0.0116576,-0.014512,0.0233182,-0.0330613,0.0168842,0.001965,-0.0002998,-0.0027279,0.0005366,-0.009351,0.0062516,-0.0056196,0.0030026,-0.0045817,0.0020634,0.000262,0.000779,0.0016762,-0.0001084,-0.0001797
Sub-Saharan*African:Bantu:Changana,-0.6280506,0.0644296,0.0217053,0.0164371,-0.0001024,0.0125191,-0.0150408,0.0218454,-0.0314967,0.0121693,0.0018586,0.0008826,-0.0117441,0.0025079,-0.0170253,0.0134358,-0.0127631,0.0128799,-0.0109776,0.0042103,0.0005684,-0.0007831,0.0015473,-0.0008969,0.0008914
Sub-Saharan*African:Bantu:Bitonga,-0.6327895,0.0637395,0.0228935,0.015637,-0.0005792,0.0119924,-0.0141145,0.0225194,-0.0314605,0.012199,0.0011749,0.0012078,-0.0126798,0.0022748,-0.0176916,0.0131966,-0.0131994,0.0123335,-0.0112832,0.0035532,0.0009616,-0.0009892,0.0023199,-5.68e-05,-7.05e-05
Sub-Saharan*African:Bantu:Chopi,-0.6310178,0.0620254,0.0228882,0.0158518,-0.0005444,0.0109411,-0.0120218,0.0219755,-0.0306943,0.0126865,0.0009742,-0.0012219,-0.0109322,0.002255,-0.0175392,0.0131365,-0.0131086,0.0144523,-0.0105781,0.0061472,0.0002015,-0.0007799,0.000749,0.0005562,-0.0006448
Sub-Saharan*African:Bantu:Tswa,-0.6309593,0.0633012,0.0221243,0.0179803,-0.0004617,0.0122713,-0.012299,0.0230758,-0.0313943,0.0109645,0.0003247,-0.0004745,-0.0102825,4.6e-05,-0.0180282,0.0112038,-0.0117998,0.0109375,-0.0096577,0.0030848,0.0007485,-0.000886,0.0020132,0.0015265,-0.0001998
Sub-Saharan*African:Bantu:Nyanja,-0.6255291,0.0619472,0.0203174,0.0161702,0.0009425,0.0110512,-0.0150849,0.0224702,-0.0286205,0.0118567,0.0006091,0.0020421,-0.0124411,0.0012472,-0.0180848,0.0143114,-0.0118731,0.0087732,-0.0088539,0.0059402,0.0003977,4.62e-05,0.0020258,-0.0007907,-0.001624
Sub-Saharan*African:Bantu:Sena,-0.6227832,0.0634706,0.0189504,0.0154878,0.0004462,0.0115462,-0.0139832,0.0227991,-0.0289402,0.0127564,0.0015426,0.002203,-0.0124206,0.0006742,-0.0183629,0.0146844,-0.0118062,0.0093434,-0.0091194,0.0049772,-0.000287,-4.95e-05,0.0022986,-0.000253,0.0005508
Sub-Saharan*African:Bantu:Manyika,-0.6308075,0.0630981,0.0207417,0.0169898,-0.0005745,0.0110999,-0.0127847,0.0221837,-0.0297786,0.0127323,0.0008335,0.0015786,-0.0133299,0.0026423,-0.0216972,0.015681,-0.0153505,0.0110642,-0.0105922,0.0074535,-0.0016388,0.0013024,0.0024402,0.0006747,-0.0015009
Sub-Saharan*African:Bantu:Yao,-0.6261978,0.0627596,0.0201194,0.0144542,0.0002154,0.0110581,-0.0098352,0.0190723,-0.02622,0.0098316,-8.2e-06,0.0009066,-0.0141078,0.0028489,-0.01858,0.0136236,-0.0139576,0.0123268,-0.0115202,0.0047023,-0.0011354,-0.0013788,0.0015406,-0.0016326,-0.0010118
Sub-Saharan*African:Bantu:Makhuwa,-0.6229718,0.0608783,0.0177644,0.015674,9.72e-05,0.0107741,-0.0083984,0.0173555,-0.0281059,0.0114713,0.0010257,0.0001341,-0.010907,0.0002825,-0.0143078,0.0105654,-0.0077818,0.0123488,-0.0092554,0.0052592,-0.0005451,-0.0001952,1.95e-05,-0.0003869,0.0001134
Sub-Saharan*African:Bantu:Ronga,-0.6309593,0.0633013,0.021622,0.016473,-0.0004103,0.0092033,-0.008617,0.019307,-0.0251563,0.0139713,0.004655,0.002248,-0.0083747,-0.0009177,-0.0148387,0.0125957,-0.0138643,0.014696,-0.00838,0.0042103,-0.0007487,-0.0053173,0.0023827,0.0022893,0.002315
Sub-Saharan*African:Bantu:Mwani,-0.613962,0.0660092,0.0178002,0.0136952,0.0003696,0.010263,-0.0109984,0.0187838,-0.0231928,0.009294,0.000747,0.0015286,-0.0120414,0.0011558,-0.014305,0.0100502,-0.0133516,0.0094764,-0.0098548,0.0030266,-0.0009732,-0.0021268,0.0017746,0.0013734,0.0012694
Sub-Saharan*African:Bantu:Umbundu,-0.6262548,0.0632674,0.0217409,0.0160531,0.0014772,0.0116576,-0.014512,0.0233182,-0.0330613,0.0168842,0.001965,-0.0002998,-0.0027279,0.0005366,-0.009351,0.0062516,-0.0056196,0.0030026,-0.0045817,0.0020634,0.000262,0.000779,0.0016762,-0.0001084,-0.0001797
Sub-Saharan*African:Bantu:Ganguela,-0.6288727,0.0627935,0.0201132,0.015827,-0.0003592,0.0134333,-0.0180568,0.0235373,-0.0324172,0.0202282,0.002869,-0.0013988,-0.0041378,0.0001837,-0.00751,0.0058338,-0.0092572,0.0035683,-0.0042528,0.0012088,0.0016222,-8.23e-05,0.0016228,-0.0009237,-0.0012572
Sub-Saharan*African:Bantu:Kongo,-0.628304,0.064994,0.020365,0.017442,-0.000615,0.016176,-0.016451,0.020076,-0.033746,0.020228,0.008607,-0.003147,-0.001933,0.001514,-0.006786,0.00769,-0.009648,0.00114,0.001257,0.003502,-0.002496,-0.000989,0.001109,-0.001084,-0.006826
Sub-Saharan*African:Hadza,-0.5003664,0.0530108,-0.0032432,-0.0024548,0.0010464,-0.0057452,0.0615258,-0.0505364,0.0706426,-0.0641472,-0.009581,-3E-05,-0.0248562,-0.0036058,0.0133004,-0.0189072,0.0198706,0.031647,0.0015588,-0.0074286,-0.005141,0.005886,-0.0020954,-0.0027474,0.0041672
Sub-Saharan*African:Sandawe,-0.47255575,0.070918,-0.00443125,-0.023471333,-0.00020516667,-0.011527583,0.023128833,-0.020672167,0.056346167,-0.045665167,-0.0036536667,-0.00081175,-0.015720917,-0.00035541667,0.0022620833,-0.00322625,0.0090505833,0.025401083,-0.0062429167,-0.002793,-0.0025371667,1.0166667E-05,-0.00083183333,0.00080316667,0.00136725
Yellow*River*(2300–1900*BC):Yellow*River*(Late*Neolithic):CHN_Yellow_River_LN,0.0166466,-0.4503874,0.0109365,-0.0657709,0.0545101,0.0217886,0.0037894,0.0012404,-0.0097149,0.0040092,-0.0851524,-0.0100032,0.0123945,-0.0059179,-0.0088896,-0.000895,0.001483,-0.0003801,-0.0048392,-0.0075191,0.0172975,0.007543,0.0128639,-0.0006476,0.0073496
Amur*River*(1000–800*BC):Amur*River:RUS_Yankovsky_IA,0.021626,-0.455973,0.06939,-0.045866,-0.032621,-0.029005,0.00987,0.012692,0.008795,0.011845,-0.054887,-0.006894,0.001189,0.006193,-0.003122,-0.003315,0.000522,0.007095,0.014832,0.012131,-0.000624,-0.019166,-0.014666,0.003253,-0.010298
Liao*River*(1050–350*BC):Liao*River:CHN_Western_Liao_River_BA,0.024472,-0.4478485,0.026964,-0.062016,0.017542,-0.002789,0.0001175,0.0104995,-0.0032725,0.007472,-0.0659295,-0.00075,0.010629,-0.001032,-0.009161,-0.000928,0.002738,-0.00152,-0.00088,-0.003001,0.008922,0,0.000924,-0.0028315,-0.0037125
East*Siberian*(1000–900*BC):East*Siberian:RUS_Magadan_BA,0.0466675,-0.347311,0.1031425,0.0272935,-0.090786,-0.0363955,-0.0393645,-0.042229,0.001227,-0.0060135,0.0215975,-0.0041965,0.002007,-0.017753,-0.023005,-0.0112705,-0.0048895,0.013619,0.0359495,0.0168205,0.0291365,-0.052676,0.0099215,0.0231355,0.0231715
Central*Siberian*(2400–2000*BC):Central*Siberian:RUS_Krasnoyarsk_BA:kra001__BC_2220__Coverage_99.89%,0.037562,-0.424491,0.154997,0.001938,-0.14495,-0.085341,0.019506,0.031845,0.028633,0.005832,0.086878,-0.00015,0.011298,-0.04803,-0.045466,-0.027711,0.000261,0.006714,0.004148,-0.009379,0.026204,0.001607,0.002218,0.004338,0.008502
Tibetan*Plateau*(1200*BC–AD*500):Tibetan*Plateau:NPL_Chokhopani_2700BP,0.012521,-0.410274,-0.011691,-0.031331,0.017542,0.011435,0.00658,0.011999,0.010022,0.021139,-0.081194,-0.006444,0.010109,-0.004679,-0.011401,0,0.011213,-0.001267,-0.009302,0.009379,0.004991,0.029306,0.004314,0.003615,0.031734
Tibetan*Plateau*(1200*BC–AD*500):Tibetan*Plateau:NPL_Mebrak_2125BP,0.009106,-0.416367,-0.000377,-0.030685,0.023081,0.007809,0.003525,0.012692,0.011453,0.01713,-0.073562,-0.012589,0.015163,-0.006606,-0.003122,0.000133,-0.002347,-0.006841,-0.008422,-0.001251,0.001123,0.031902,0.014913,-0.008073,0.041673
Tibetan*Plateau*(1200*BC–AD*500):Tibetan*Plateau:NPL_Samdzong_1500BP,0.0185913,-0.3947023,0.000126,-0.0369297,0.015695,0.0090173,0.0054833,0.0074613,0.008181,0.009841,-0.0788667,-0.0108903,0.008325,-0.0045413,-0.0087763,-0.0016793,-0.0001303,-0.0046873,-0.006243,0.0057527,-0.003078,0.027492,0.003081,0.0023297,0.034368
Eastern*Steppe*(1350–900*BC):Eastern*Steppe:MNG_Ulaanzuukh_Slab_Grave,0.0247883,-0.4316,0.0744604,-0.0324077,-0.0641144,-0.0424223,0.0110716,0.0203838,0.0101353,0.0177378,-0.0425639,-0.0023647,-0.000165,0.0003823,4.51e-05,-0.0017383,0.0008403,-0.0046594,-0.0001953,0.0198567,-0.0247064,-0.0017723,-0.0200073,-0.0059041,0.0012639
Jomon*(6900–800*BC):Jomon:JPN_Jomon,0.0069811,-0.3414211,-0.0540793,0.0114773,0.0410742,0.0115648,-0.0010653,-0.0016769,0.0231112,0.0195963,-0.0499291,-0.0063843,0.0079881,-0.0058443,-0.0226653,-0.0151329,0.0052415,0.0099747,0.0045419,-0.0071951,0.0649937,-0.0461388,0.0091367,0.00874,-0.1001189
Southeast*Asian*(2000*BC–AD*1800):Vietnam*(Neolithic):VNM_N,0,-0.386917,-0.064865,-0.031008,0.134333,0.06038,0.0036425,-0.010961,-0.0138055,-0.014579,0.0695835,-0.001499,-0.002007,0.001376,0.0169655,-0.0031155,-0.0011085,0.00076,-0.0020115,0.01532,-0.0034935,0.0084085,0.0030195,-0.0063865,0.034009
Southeast*Asian*(2000*BC–AD*1800):Vietnam*(Late*Neolithic):VNM_LN,0.0163143,-0.3875937,-0.0568197,-0.0402673,0.1348967,0.0703733,-0.0036033,-0.0036923,-0.0100217,-0.0145787,0.0582973,0.002947,-0.006442,-0.012386,0.0081887,-0.0002653,0.0080403,-0.0089527,0.000838,0.004419,-0.0024957,0.007337,-0.0058747,-0.0076713,0.028181
Southeast*Asian*(2000*BC–AD*1800):Laos*(Late*Neolithic):LAO_LN_BA,0.005691,-0.40215,-0.083721,-0.034561,0.15049,0.078089,-0.002585,-0.012692,-0.006136,-0.018588,0.089801,0.004346,-0.012785,0.010184,0.003393,-0.005701,-0.002477,0.0019,-0.00088,0.026388,-0.016845,0.02201,-0.011955,0.001325,0.039038
Southeast*Asian*(2000*BC–AD*1800):Laos*(Bronze*Age):LAO_BA,0.002276,-0.380824,-0.079195,-0.03553,0.148643,0.06777,-0.00047,-0.013615,0.00409,-0.020593,0.082006,0.007643,-0.022002,0.005643,0.004614,-0.004375,0.000782,-0.001774,-0.006411,0.019509,-0.011854,0.014096,-0.008627,-0.005663,0.036643
Southeast*Asian*(2000*BC–AD*1800):Lapita*culture:VUT_2900BP_all,0.0087267,-0.4211063,-0.0467627,-0.0628773,0.145668,0.0595897,-0.0067367,-0.017307,-0.0191573,-0.0241163,0.0579187,0.0049457,-0.007532,0.006514,0.0184127,0.0109607,-0.00565,0.0032517,0.010601,-0.0117553,0.0045337,-0.0247717,-0.0013967,-0.0151023,-0.062629
Southeast*Asian*(2000*BC–AD*1800):Lapita*culture:VUT_Teouma,0.017643,-0.4280455,-0.04318,-0.0647615,0.148797,0.05271,-0.006933,-0.001731,-0.0147255,-0.0102965,0.0582975,0.0086925,-0.0124875,-0.0055735,0.0152685,0.005834,-0.00326,0.014126,0.0047765,-0.0138195,0.00574,-0.0290585,-0.003821,-0.008676,-0.061192
Southeast*Asian*(2000*BC–AD*1800):Taiwan*(Gongguan):TWN_Gongguan,0.009106,-0.455973,-0.032432,-0.075905,0.142796,0.070559,-0.008695,-0.011999,-0.030065,-0.024602,0.052614,-0.003147,0.008474,-0.003303,0.009908,0.008618,-0.012778,0.006714,0.012821,-0.013256,0.00549,-0.032397,-0.001109,-0.008194,-0.061192
Southeast*Asian*(2000*BC–AD*1800):Malaysia*(Late*Neolithic):MYS_LN,0,-0.395041,-0.084098,-0.034561,0.154183,0.068049,-0.007285,-0.010615,-0.005522,-0.018224,0.090938,0.017834,-0.015163,0.006331,0.006922,-0.001061,-0.001695,-0.006841,-0.003394,0.019259,-0.01697,0.012984,-0.009737,0.00723,0.048379
Southeast*Asian*(2000*BC–AD*1800):Vietnam*(Bronze*Age):VNM_BA,0.009106,-0.421445,-0.037712,-0.046189,0.122792,0.061914,-0.011516,-0.013615,-0.024543,-0.01221,0.017213,-0.003147,-0.003122,-0.004542,-0.001357,-0.001724,-0.001434,-0.003547,0.005782,-0.005503,0.008984,0.00371,0.020829,0.004579,0.006466
Southeast*Asian*(2000*BC–AD*1800):Dong*Son*culture:VNM_BA_Dong_Son_Culture,0.0387,-0.381331,-0.0405405,-0.0573325,0.132948,0.0556385,-0.0003525,-0.012692,-0.0235205,-0.0039185,0.026388,-0.0028475,0.007284,-0.0121795,-0.000611,0.0102095,-0.0089965,0.009185,0.0011315,-0.0125685,0.008173,0.009892,0.0059155,0.004519,0.0021555
Southeast*Asian*(2000*BC–AD*1800):Hanben*culture:TWN_Hanben,0.0155393,-0.4419318,-0.0435985,-0.0634906,0.1387417,0.064642,-0.0045365,-0.0134342,-0.0232624,-0.0208937,0.0412537,0.0034991,-0.002999,-0.0035123,0.0102085,0.0065775,-0.0008786,0.0056239,0.0068097,-0.0128105,0.0079044,-0.0258488,0.0022506,-0.0087176,-0.0486288
Southeast*Asian*(2000*BC–AD*1800):Thailand*(Iron*Age):THA_IA,0.007209,-0.397749,-0.0384663,-0.0373603,0.1042243,0.0475043,0.0008617,-0.0021537,-0.007363,-0.0081397,0.0193243,0.002098,-0.004955,0.0028443,0.0029403,0.001989,-0.0001303,-0.0044763,-0.0031427,0.0155477,-0.0065303,0.0216807,-0.0029167,0.0080733,0.037242
Southeast*Asian*(2000*BC–AD*1800):Malaysia*(Historical):MYS_Historical,0.0073985,-0.422968,-0.0580765,-0.0583015,0.151259,0.045459,-0.004465,-0.010038,-0.0224975,-0.0243285,0.062682,0.002248,-0.010109,0.006262,0.008279,0.0165735,-0.000652,0.004814,0.008987,-0.0036895,0.003244,-0.016013,-0.009182,-0.0115075,-0.043709
Southeast*Asian*(2000*BC–AD*1800):Southeast*Asian*(Roopkund):IND_Roopkund_C,0.009106,-0.397072,-0.088246,-0.024225,0.154183,0.06777,-0.002585,-0.001846,-0.009408,-0.018224,0.096621,0.008692,-0.013379,0.013625,-0.00095,0.002917,0.002347,-0.006841,-0.002388,0.022261,-0.006613,0.007048,-0.013927,0.014219,0.040236
Southeast*Asian*(2000*BC–AD*1800):Tai–Kadai:CHN_Balong_1500BP,0.0196345,-0.437947,-0.0379005,-0.06783,0.1311012,0.0620532,-0.0138655,-0.0107302,-0.015135,-0.0066515,0.0287022,0.011652,-0.0134165,0.004679,0.0059715,0.0101765,-0.010659,-0.001552,0.0078245,-0.0216353,0.033098,-0.0049768,0.0122632,0.006025,0.009071
Southeast*Asian*(2000*BC–AD*1800):Tai–Kadai:CHN_Banda_1400BP,0.0130895,-0.42703,-0.044689,-0.0802655,0.1320245,0.0587065,-0.00282,-0.013038,-0.0301675,-0.0150345,0.0094995,0.005545,-0.0082505,6.85e-05,-0.0016965,-0.0084195,0.0053455,-0.0047505,-0.0010685,0.001438,0.005802,0.013107,0.0238485,0.000723,0.001557
Southeast*Asian*(2000*BC–AD*1800):Tai–Kadai:CHN_Lada_1300BP,0.010244,-0.435662,-0.042238,-0.055556,0.137564,0.059404,-0.00094,-0.011769,-0.019839,-0.015672,0.026632,-0.002847,-0.003865,0.000275,-0.001086,0.000265,-0.00013,-0.004181,0.000754,-0.01063,0.017095,0.00507,0.01442,0.002771,0.000958
Southeast*Asian*(2000*BC–AD*1800):Tai–Kadai:CHN_Shenxian_1300BP,0.014797,-0.426522,-0.041106,-0.053941,0.134179,0.061914,-0.00799,-0.013615,-0.025565,-0.013303,0.015102,0.008842,0.000743,-0.000826,0.002172,0.004641,-0.002868,-0.006714,-0.004399,-0.013131,0.012228,0.009274,0.018487,-0.002771,0.003233
Southeast*Asian*(2000*BC–AD*1800):Tai–Kadai:CHN_Yiyang_1300BP,0.01935,-0.4316,-0.039975,-0.063954,0.125254,0.071396,-0.00282,-0.009692,-0.027611,-0.003098,0.017863,0.006145,0.000297,-0.002064,0.00665,0.005171,-0.004694,0.008615,0.009804,-0.004627,0.015972,0.002349,0.00912,0.001205,0.004071
Australian*(2000*BC–AD*1600):Australian:AUS_Barham_1600BP-1400BP,-0.039838,-0.22037,-0.19912,0.221579,0.1317165,-0.3186325,0.0003525,-0.0013845,-0.0054195,-0.001822,-0.0040595,0.0017985,-0.001561,-0.0052295,-0.005293,-0.000862,0.0031295,0.0039275,0.001257,0.0057525,0.0012475,0.001051,-0.0074565,-0.0037355,-0.003652
Australian*(2000*BC–AD*1600):Australian:AUS_Cairns_420BP,-0.039838,-0.231541,-0.210056,0.235145,0.148335,-0.336621,-0.001645,0.007846,-0.012271,-0.006014,-0.008607,0.005095,0.002527,0.002752,-0.013708,-0.003182,0.005085,0.001014,0.000126,0.003377,0.000749,0.002226,-0.001479,0,-0.001078
Australian*(2000*BC–AD*1600):Australian:AUS_Mapoon_112BP,-0.0460985,-0.2345875,-0.2081705,0.225455,0.136487,-0.3355055,0.0057575,0.0020765,-0.00859,-0.007016,-0.0082005,-0.0074185,0.0049055,-0.000413,-0.0054965,0.0039775,0.0013035,0.004054,0.004588,0.005315,6.25e-05,-0.004328,0.000308,-0.004338,-0.0058675
Australian*(2000*BC–AD*1600):Australian:AUS_Weipa_112BP,-0.047806,-0.226463,-0.211188,0.221256,0.129255,-0.310963,0.002115,0.002308,-0.00634,-0.001458,-0.014453,0.001049,0.001041,-0.005367,0.00095,0.005171,0.008866,-0.00114,-0.00176,0.00025,-0.001373,0.016075,-0.00949,0.00241,-0.002036
Australian*(2000*BC–AD*1600):Australian:AUS_Willandra_Lakes_4000BP,-0.042115,-0.224432,-0.205154,0.215442,0.145566,-0.322398,-0.007285,0.014538,-0.000818,0.003098,-0.004872,-0.002248,0.004311,-0.001239,-0.008415,-0.000796,0.004694,-0.001774,-0.01169,-0.003377,0.003369,-0.006801,-0.000863,-0.001928,-0.00946
Papuan*(400–200*BC):Papuan:VUT_2300BP_all:I4451_all__BC_310__Coverage_64.63%,-0.039838,-0.227479,-0.231552,0.254202,0.176648,-0.406901,0.00188,0.003,-0.025975,-0.010752,-0.00065,0.004646,0.000297,-0.001651,-0.001493,-0.002519,-0.005867,-0.007981,-0.002011,0.003877,0.008235,-0.004946,-0.003081,-0.001084,-0.010897
